1.000000000000000000e+02 6.377886129595887610e+01
1.105263157894736850e+02 6.473036702599705450e+01
1.210526315789473699e+02 6.491556784519517009e+01
1.315789473684210407e+02 6.521711883455186864e+01
1.421052631578947398e+02 6.508575766259131967e+01
1.526315789473684390e+02 6.578783242543060794e+01
1.631578947368421098e+02 6.570959168911373638e+01
1.736842105263157805e+02 6.748404553052770893e+01
1.842105263157894797e+02 6.785607498793584114e+01
1.947368421052631788e+02 7.070826127624789592e+01
2.052631578947368496e+02 7.165310925585144730e+01
2.157894736842105203e+02 7.105684310416749838e+01
2.263157894736842195e+02 7.565998018150779103e+01
2.368421052631579187e+02 7.519925811739048527e+01
2.473684210526315894e+02 8.008273831308214596e+01
2.578947368421052602e+02 8.030419838670771071e+01
2.684210526315789593e+02 8.180742029575466745e+01
2.789473684210526585e+02 8.616482330922346478e+01
2.894736842105263577e+02 9.080180220604525232e+01
3.000000000000000000e+02 9.369114151346681751e+01
