1.000000000000000000e+02 5.894864536203484562e+01
1.105263157894736850e+02 6.142955825928176949e+01
1.210526315789473699e+02 6.566140653370570135e+01
1.315789473684210407e+02 6.815337824362943309e+01
1.421052631578947398e+02 6.746602089189663332e+01
1.526315789473684390e+02 6.937306593547039313e+01
1.631578947368421098e+02 7.113458152967558590e+01
1.736842105263157805e+02 7.579139406568576476e+01
1.842105263157894797e+02 7.565104923392702574e+01
1.947368421052631788e+02 7.903581802763640951e+01
2.052631578947368496e+02 8.294976900738420511e+01
2.157894736842105203e+02 8.433271917955894992e+01
2.263157894736842195e+02 8.613602117421530124e+01
2.368421052631579187e+02 8.733367929624695591e+01
2.473684210526315894e+02 9.014540531969383608e+01
2.578947368421052602e+02 8.999395302544063213e+01
2.684210526315789593e+02 9.416292735843626360e+01
2.789473684210526585e+02 9.716380542947368326e+01
2.894736842105263577e+02 9.597742044650843241e+01
3.000000000000000000e+02 9.945334313009186644e+01
